me_lp     ITN    1292    INFEASIBLE    NINF      7      OBJ   3.431902776926E-02
OBJ=c        RHS=b        RNG=         BND=bounds   M=   3139 N=   5384 SB=    0
03333333333300030033303333333330333303330033333330300033030303333330300333330033
33333330330303330333030003333030000000003303003303300000000000300000003000330003
30003000003000000030300300000030000000030000000000003000000330030003000033330303
03030303030033330303030303030033030303000033030303003300303330303030333330303030
30330303030303030303030303033030303030333030303030303030300033030303030303030303
03030033333333030303303033030303030303030303030303030303033030303330303030303030
33030303333303030303030303030303030303030303030303030303330303033330303330303030
30303000303333000303330303030303033303030303033333030000033303330300033003030303
00303030303030333030303303030303030303030303030303030303030303030300030303000300
03030303030303030303030303030303030303030300033000303003030003030300030330333030
30300000303030303303030333030333030003033030303030000033303030000030303030303030
30003030333330030030303303030333000303333303033000000303030303330303030330030303
33003030003030333030330033303333303030303003030303033303000303030300030333030303
03030003030300033030303033303030303003333000000030303030033030303030303033033333
03033000303033303030303000003030303330003030300030300030003030303303030000330333
33030333030333333303030303000303000330303000303030303030303000003300003030303030
30303030303030303030300003000030003030330333300333303030303030003033303000000003
03303000003030000303033033030303030333030300030303000303033003000333030333333003
33330033333300303033333330333333303333033333333333333333333033333303033333333330
33333303330033000000000033000000000000000000333300000033030303033003333000000000
00000330000300000000000003333330000003303330000000000000000000000000000033033300
00330030300300000300000000333333330300000000000003000000000030300300000000003000
03300000003000330000000000000000000003000300000003000000330000000000300003003300
03000030003000030000000030300030000000000033003003030300030303033303333300300300
00303033333030003033333033003333333303033303303333003333333330333333000003300030
33003333333333303033333330303033333030003333333033003330003333333300333333303333
30333303330333300333330333333333333033333033333333330333333333333000033303303333
33333333333303330333333303330033333333333333333333330333003303333333330033303333
33033333003333030033303333333333330333033333333333333333333333333333333333333333
33333333330333333333333303003333333333033303303333033333330003333333333333330003
03330333033000330333333303333033300333333033033030033333333330333333333033333333
33303333033330300333333330333333303003303333033333333330333333333333330333300300
00330330003333333330333333333333330333333333333333333303333330300300333333330303
00000300003333333333030333330333333333303330333333333333333333333333333333333333
33333333333333333333333333333333333333333333333333333333333333333333333333333333
33333333333333333333333333333333333333333333333333333333333333333333333333333333
33333333333333333333333333333333333333333333333333333333333333333333333333333333
33333333333333333333333333333333333333333333333333333333333333333333333333333333
33333333333333333333333333333333333330333333333333333330333333333333333333333333
33333333333333333333333333333333333333333333333333333333333333333333333333333333
33333333333333333333333333333333333333333333333333333333333333333333333333333333
33333333333333333333333333333333333333333333333333333333333333333333333333333333
33333333333333333333333333333333303333333303033033030333300300330000330300030003
00300030003000303000300300300000303000300030003003003033303003003030303030303030
30303030303030303030303030303030303030303030303030303030303303003003030303000000
00303030003000303030003030303030303003000300303000003003030030030030303000000030
30303030303030303030303030303030303300330303000000330000003030030000303300300000
00300000003300303030303000300030303030003030030003003030300030300030030003000030
00330300330300000003030033030030330033003030303030330300303000303030000300330300
33003030003030303300330300003000300030003300000300303030303000003300303030300030
30330030300300000030303030330300300030003000300000303030300030303030300000303003
00003000300030003000300030003000300030003000300030303030303300300003030033000303
00000033030000003030000030303030303000303033003030003000330000000030303030003000
30303300300300300033003003030030303030300000303300300030003030003303003000303030
30303030003000300030300000303000030000330300330303003300303030303030303030303300
30003300303033003030003000003030003300003300300000330300300000030030303030303030
33003300000030000030300000303030300300303300003300303030303003003000000000000000
00000000000030000000000000000000000000000000000000000000003000000030300030003030
30303303003300000000030300300303003030003030330030303030303030300030303033030000
03003030030000303030303030303000003030003030000000000000003000300000300030003003
03000030303030330030303030330033030030003000000030300000003000000033003300303300
30300303003030030030303030330030303030303000000000003030300030330030003030303030
30303030303000303030003030300030303030303030300000300000300000300000300000030300
30000030303000303300003300300000000033000030003030303000000000003030303003003030
30003000300000330030000033003030330300003000303030303303000030303030003030300030
30300300003030303030303030303030330030300000303033000030303000303300303003030030
00303030003000003030330033030303000000033333330003330033333333333333333333333333
33333333333333333333333300300000000000000000000000000000000000000000000000000000
00000000000000000000000000000000000000000000000000000000000000000000000003000000
00030000003000000003000000000000000000300000000000000000000000003003000000000000
00000000000000030300000300000300000000003303030000000033000300000000000003000000
00003300000003030030000003030303000000000000000000000003300000000000000000000000
00000000003000000030000000000000000300000000000000330000303000033000000003300030
00000000000000000030000000000000003300030000030330330300000000000000300000003000
00000003300000030000333030000300000300000003003000330030303000300000003303000000
00000030300000003000003000003000030000300000000000000000300000333300000333303000
30000030030033000030000003030000003000030030000000303000000000000000000000000000
00300000000000000000000000000000003000000000000000000000000000000000000000000000
00000000000000000000000000000000000000000000000000000000000000000000000000000000
00000000000000000000000000000000000000000000000000000000000000000000000000000000
00000000000000000000000000000000000000000000000000000000000000000000000000000000
00000000000000000000000000000000000000000000000000000000000000000000000000000000
00000000000000000000000000000000000000000000000000000000000000000000000000000000
00000000000000000000000000000000000000000000000000000000000000000000000000000000
00000000000000000000000000000000000000000000000000000000000000000000000000000000
00000000000000000000000000000000000000000000000000000000000000000000000000000000
00000000000000000000000000000000000000000000000000000000000000000000000000000000
00000000000000000000000000000000000000000000000000000000000000000000000000000000
00000000000000000000000000300000000300003300003000000000000000000000000000000000
00000000300000000000030000000000000000000000000000000000000000000000000000000000
00000000000000000003000300000000000000000033000030300000000000000000000000000000
00000003000303000000000000000000000303000030003000000330000000000000300000033000
33000000003000033000000030000003330000000000300030030000000000000000000000300003
00000000300030000000003003330000300000000000003000000003300000300030030300000033
00000000000003003000300000000330330000000000000000333303000003000000000000033003
00000000000030003000003000000000330000033000000330303000000030000000300003000000
00000000000000300000030300000000003000000300000000000000000000000000000000000000
00000000000000000000000000003000000000000000000000000000000000000000000000000000
00000000000000000000000000000000000000000000000000000000000000000000000000000000
00000000000000000000000000000000000000000000000000000000000000000000000000000000
00000000000000000000000000000000000000000000000000000000000000000000000000000000
