me_lp     ITN    1831    INFEASIBLE    NINF      5      OBJ   1.179394794817E-05
OBJ=c        RHS=b        RNG=         BND=bounds   M=   3139 N=   5384 SB=    0
03333333333333333333333333333333333333333300000333033333030333333303333333330333
33333033033333333333333333333030003033003303000300003033303030300330303000030333
30030300003303300003000333300033030333303300000300000333003333300330333333030303
03030303030303330333330303033303033303330303333303033303303330303033333333303033
30333333030303030303030303033333333330333330303030303330333033330333033303033333
03033333333333033333303033333303033303030303030303333333033033303330303030303033
33330333030303030333033303033303030303030303030303330303330303033333303030303030
30303030333303030303030303030303030303030303333303333303033333330333033303333303
03303033303330303030303333030303030333030303030303333303030303030303030303030303
03030303033333030303030333030333030303030303333033303003333303333303033330033030
33333030303033303333333333030333330303033030303030303033033030303030303330303330
30303333333333333030330303030333330303033333033303030303030333330303030303030303
33333030303030333333330333333333303030333033030333333303330303030303030303330303
03033303030303033033303033303030303303303033303030303330303330303330333303033333
33033030303333303033303030333333303330333330303033303030303030303303030333333333
33030303030303033303030303030333033030333330303330303033333330333030303033303030
33303033303333303033333033333030303330030333333333303330333330303333303333030300
03303030303033300303033003330303030303030303030303333303330333030333330333333333
33333333333333333333333333333333333333333333333333333333333333333333333333333333
33333333030303333003333303000000000000000000000000000000000000000000003000300300
30333033003003300030000000000030000000330030000000000030333000300033333330030000
00000000300300300300000003000000030000003000003000030003000330300300003000303000
33300300003000300000003300000000030030000300003303300330000000000003000000300300
30000300003003030303003000000033033000000003300000000330033003033303003300300300
00300030300030003033003033003333333333033000003330003033333330030033003003300000
33003303330000300033333300000000030000000333333030000000033333333330300333033030
33003303030333000033030003333333333000003003333303030030303300330000000003300033
03333333000303030333333000303333303033033333333330330333000333333333300333333333
33333330030033000030303003303303033333003333300333330033333333333333303300333330
33033333000303300030033003003000303303000003300330033333330303333330330333000000
03300333003330030333303003333333300033303000030000033303003000303333333303333033
33303033033330303303333033033000000000303330033033300030300333033333330333000000
00300333303333330300300330333000303333033303303003300300333030300000300003300300
00000000003033303033030033330333333003030330033333333333333333330333333333333333
33333333333333330333333333333333333333333333333333333333333333333333333333333333
33333333333333333333333333333333333333333333333333333333333333333333333333333333
33333333333333333333333333333333333333333333333333333333333333333333333333333333
33333333333333333333333333333333333333333333333333333333333333333333333333333333
33333333333333333333333333333333333330333333333333333330333333333333333333333333
33333333333333333333333333333333333333333333333333333333333333333333333333333333
33333333333333333333333333333333333333333333333333333333333333333333333333333333
33333333333333333333333333333333333333333333333333333333333333333333333333333333
33333333333333333333333333333333333333333330000003000303333003330000333003030003
00003030000030000300300030300000303000003030003003003033303003000300003030303030
30303030303030303030303030330030303030303030303030303030303303000030303300003000
00300030003300303030303030303030303003000300303000003003330030030030303000000030
30303030303030303030303030303030303300033033303030003000003030033003003030300000
30000000300300303030303030303030303030003030030033003030000030300000000333030030
30303330330300303303030033030030330033003030303030303300303000303030000300330300
33003000300030303300303300003000303030003300000300303030303000003300303030300300
30303030000300000030303030330300300030300000300000303030300030330030300030003003
00300030000000300030003000300000003000300030003000303030303030303300003030330303
00000030300030003000003030303030303030303000303030300303330303030030303000303300
30303300300300300000303033000030303000300000303330300030330030300300303030303030
30303030003000300030303030303000030000330300003033003030303030303030303030303030
30300300303030003030000030003030003300003300330000330300303300030030300030303030
33000300000000003000300030003030300300303300003330303030303303003000000030000000
00000000000000000000000000000000000000000000000000000000003030300030303330003030
30003330303300003033003030330300300030303030330030303030330030303000303033033000
33030033030000303030303030003000000030003030000000000000003000300030033003000300
30300030303030330030303030330033030000303000000030000030003000300033303030300300
30003300300030030030303300303030303030003000000000003030003033030000303030303030
30303030303000303030303000300030303030303030000000003000003000300000000000030300
30303030303030303030303300300030303030003030003030303000000000003300003303003030
00303030000030330030330033003030030300300000003030303033003030303000330030003030
30330000003030303030300030303030003030303000303030030030303000300300303000303030
30303000300000303000303033030303000000033333300303300333333333333333333333333333
33333333333333333333033300000000000000000000000000000000000000000000000000000000
00000000003000000000000000000000000000000000000000000000000000000000000000000000
00030000000300000000000030000000000000300000000000000000000000000000000000030000
00000000030000030300000300000000000000000000000000000003000000000000000003000000
00000000000003000030030003030303000030000000000000000000300000000030000000000000
00000000003000000030000000000000000000030000000000000000300000033000000000300030
00000000000000000000000000000000000000033000030030000300030000000000300000000000
00000003000000030000003030000300000330000003003000330000003000300000000000000000
00003000000000303000003000300000030000300000000000000000300000033000000030300000
00000000030000000030000003033000003030033000000000303000000000000000000000000000
00000000000000000000000003000000000000000000000000000000000000000000000000000000
00000000000000000000000000000000000000000000000000000000000000000000000000000000
00000000000000000000000000000000000000000000000000000000000000000000000000000000
00000000000000000000000000000000000000000000000000000000000000000000000000000000
00000000000000000000000000000000000000000000000000000000000000000000000000000000
00000000000000000000000000000000000000000000000000000000000000000000000000000000
00000000000000000000000000000000000000000000000000000000000000000000000000000000
00000000000000000000000000000000000000000000000000000000000000000000000000000000
00000000000000000000000000000000000000000000000000000000000000000000000000000000
00000000000000000000000000000000000000000000000000000000000000000000000000000000
00000000000000000000000000000000000000000000000000000000000000000000000000000000
00000000000000000000000000000000000000000000000000000000000000000000000000000000
00000000000000000000000000000000000000000000000000000000000000000000000000000000
00000000000000000000000000000000000000000000000000000000000000000000000000000000
00000000000000000000000000000000000000000000000000000000000000000000000000000000
00000000000000000000000000000000000000000000000000000000000000000000000000000000
00000000000000000000000000000000000000000000000000000000000000000000000000000000
00000000000000000000000000000000000000000000000000000000000000000000000000000000
00000000000000000000000000000000000000000000000000000000000000000000000000000000
00000000000000000000000000000000000000000000000000000000000000000000000000000000
00000000000000000000000000000000000000000000000000000000000000000000000000000000
00000000000000000000000000000000000000000000000000000000000000000000000000000000
00000000000000000000000000000000000000000000000000000000000000000000000000000000
00000000000000000000000000000000000000000000000000000000000000000000000000000000
